+00006 +00000 +00000 -00012 -00006 +00000 +00000 +00000 
+00000 +00000 +00000 -00006 +00000 +00000 +00000 +00000 
+00006 +00006 +00000 -00006 +00000 +00006 +00000 +00006 
+00000 +00000 -00006 -00006 +00000 -00006 +00006 +00000 
+00000 +00000 +00000 -00006 +00006 -00006 +00000 +00000 
+00006 +00006 +00000 -00012 +00006 -00006 +00000 +00000 
+00006 +00006 +00000 -00006 +00006 +00000 +00006 +00006 
+00000 +00000 +00000 -00006 +00000 +00000 +00000 +00000 
+00000 +00012 +00000 -00018 +00000 +00000 +00000 +00000 
+00000 +00000 -00006 -00006 +00000 +00000 +00000 +00000 
+00006 +00000 +00000 -00012 -00006 +00000 -00006 +00000 
+00000 -00006 +00000 -00012 -00006 +00000 -00006 +00000 
-00006 +00000 +00006 -00006 +00000 +00000 +00000 +00000 
+00006 +00000 +00000 -00006 +00000 -00006 +00000 +00000 
-00006 +00006 +00000 -00012 -00006 +00000 -00006 +00000 
+00006 +00000 +00006 -00006 -00006 +00006 +00000 +00006 
+00006 +00000 -00006 -00006 +00000 +00006 +00006 +00000 
-00006 +00000 +00000 -00006 -00006 +00000 +00006 +00000 
+00000 +00006 +00000 -00012 -00006 +00006 +00000 +00000 
+00006 +00006 +00000 -00012 +00006 -00006 +00000 +00000 
+00000 +00006 +00000 -00012 +00000 +00000 +00000 +00000 
+00006 +00006 +00000 -00006 +00006 +00000 +00000 +00006 
+00000 +00006 +00000 -00006 +00000 +00000 +00000 +00000 
+00006 +00006 +00000 -00006 +00000 -00006 +00000 +00000 
+00000 +00006 +00000 -00006 -00006 +00000 -00006 +00000 
+00000 +00000 -00006 -00006 -00006 -00006 +00006 +00000 
+00006 +00006 -00006 -00006 +00000 +00000 +00000 +00000 
+00006 +00006 -00006 -00006 +00006 -00012 +00006 +00000 
+00000 +00000 +00000 -00006 +00000 +00000 +00006 +00000 
+00000 +00000 -00006 -00006 +00000 -00006 +00000 +00000 
+00006 +00006 +00006 -00006 +00000 -00006 +00006 +00000 
+00000 +00000 +00000 -00006 +00000 -00006 +00000 +00000 
+00006 +00012 +00000 -00012 +00000 -00006 +00000 +00000 
+00006 +00000 -00006 -00006 +00000 -00006 +00000 +00000 
+00000 +00000 +00006 -00012 -00006 +00006 +00000 +00000 
-00006 +00006 +00006 -00018 +00000 -00006 +00000 +00000 
+00006 +00006 +00000 -00006 +00000 +00000 -00006 +00000 
+00000 -00006 +00000 -00006 +00000 +00000 +00000 +00000 
+00000 +00000 +00000 -00012 -00006 +00000 -00006 +00006 
-00006 +00000 +00000 -00012 -00012 +00000 -00006 +00006 
+00000 +00000 +00006 -00012 +00000 +00006 -00006 +00000 
-00006 +00000 +00000 -00012 -00006 +00000 +00006 +00006 
+00000 +00000 +00000 -00006 +00000 -00006 +00000 +00000 
+00000 +00000 +00000 -00012 +00000 +00000 -00006 +00000 
+00000 +00000 -00006 -00012 +00000 +00006 +00000 +00000 
+00000 +00000 +00000 -00006 +00000 +00006 -00006 -00006 
-00006 +00000 -00006 -00012 +02230 +01244 +00000 +00006 
+00006 -00006 +00006 -00006 +08458 +01639 +00000 -00006 
+00000 +00000 -00006 -00006 +11365 +04836 +00006 -00006 
+00006 +00000 +00000 -00006 +11938 +07053 +00000 +00000 
+00000 +00000 +00000 -00018 +12036 +02834 -00006 -00006 
+00006 +00000 +00000 -00012 +12073 +05193 +00006 +00000 
+00000 +00006 +00000 -00006 +12061 +07355 +00000 -00006 
+00000 +00006 +00000 -00006 +12141 +02840 -00006 +00006 
-00006 +00000 +00000 -00006 +12043 +05082 +00000 +00006 
+00000 +00000 +00000 -00006 +11932 +07152 +00006 -00006 
+00006 +00000 -00006 +00000 +11981 +02834 +00000 +00000 
+00000 +00000 +00000 -00006 +11839 +05230 +00000 +00000 
-00006 +00000 +00000 -00006 +11765 +07466 -00006 +00006 
-00006 +00000 -00006 -00006 +11809 +02852 -00006 +00000 
+00006 +00006 +00006 +00000 +11673 +05458 +00000 +00000 
+00006 +00006 +00000 -00012 +11611 +07996 +00000 +00000 
+00006 +00006 +00000 -00012 +11704 +03000 +00006 +00000 
+00006 +00000 +00000 -00012 +11655 +05470 +00000 +00000 
+00006 +00000 +00000 -00006 +11507 +05864 +00000 +00000 
+00000 +00006 +00000 -00012 +11618 +04792 +00006 -00006 
-00006 +00000 +00000 -00018 +11618 +05415 +00000 -00006 
+00000 +00000 +00000 -00006 +11513 +05661 -00006 +00000 
+00006 +00000 +00000 -00006 +11673 +04811 -00006 +00000 
+00006 +00006 +00000 -00006 +11753 +05488 +00006 +00000 
+00006 +00006 +00000 -00012 +11655 +05877 +00000 -00006 
+00000 +00000 +00000 -00006 +11870 +04805 +00000 +00000 
+00006 -00006 +00000 -00006 +11913 +05378 +00000 +00000 
+00000 +00006 -00006 -00006 +11821 +05803 +00000 +00000 
+00006 +00006 +00000 -00012 +11938 +04811 -00006 +00000 
+00000 +00000 +00000 -00012 +11944 +05507 +00000 +00000 
+00000 +00000 -00006 -00006 +11802 +05778 +00006 -00006 
-00006 +00006 +00000 -00006 +11938 +04823 +00000 +00000 
+00006 +00006 +00006 -00006 +11919 +05624 +00000 +00000 
+00000 +00000 +00006 -00006 +11778 +05803 +00000 -00006 
+00006 +00000 +00000 -00012 +11913 +04805 +00000 +00006 
-00006 +00006 -00006 +00000 +11815 +07275 +00000 +00000 
+00000 +00006 -00006 -00012 +11901 +02790 +00000 +00006 
-00006 +00012 +00000 -00012 +11772 +04946 +00000 +00000 
+00006 +00000 -00006 -00006 +11716 +06850 +00000 -00006 
+00006 +00000 +00006 -00012 +11846 +02649 +00006 +00006 
+00006 +00000 +00000 -00012 +11722 +04725 +00000 +00006 
-00006 +00006 -00006 -00006 +11772 +07189 +00006 -00006 
+00000 +00006 +00000 -00006 +11876 +02784 +00000 +00000 
+00000 +00000 +00000 -00006 +11704 +05261 -00006 -00012 
+00000 +00000 +00000 +00000 +11685 +07577 +00006 +00006 
+00000 +00006 +00000 -00006 +11685 +02907 +00000 +00000 
+00006 +00000 +00006 -00012 +11414 +05144 +00006 -00006 
+00006 +00000 +00000 -00012 +11230 +07281 -00012 +00000 
-00006 +00006 +00000 -00012 +10207 +02864 +00000 +00006 
+00000 +00000 +00006 -00006 +08729 +05217 +00000 +00000 
+00000 +00006 +00006 -00012 +06757 +07478 +00006 +00000 
+00000 -00006 +00006 -00025 +05452 +02907 +00000 -00006 
+00000 -00012 -00012 -00018 +05495 +05261 -00006 +00000 
+00000 -00055 -00012 -00006 +05476 +05950 +00000 +00000 
+00006 -00062 -00055 -00018 +01201 +00573 +00000 +00006 
+00000 -00148 -00062 -00025 +00105 +00105 +00000 +00000 
+00006 -00074 -00006 -00006 +00000 +00012 +00006 +00000 
+00006 +00000 +00006 -00006 -00018 +00006 +00000 +00006 
+00006 +00006 +00000 -00006 -00018 +00012 -00006 +00000 
+00000 +00006 -00006 -00006 -00012 +00006 +00000 +00000 
+00000 +00000 -00006 -00006 -00018 +00000 +00000 +00000 
-00006 +00006 +00000 -00006 -00018 +00006 +00006 +00000 
+00000 +00006 +00000 +00000 -00012 +00000 +00006 +00000 
+00000 +00006 +00000 -00006 -00018 +00006 +00000 +00000 
+00006 +00000 +00000 -00006 -00018 +00006 +00006 +00000 
+00000 +00006 +00000 -00006 -00012 +00000 +00000 +00000 
+00000 +00000 +00000 -00012 -00012 +00006 +00006 +00000 
+00000 +00000 +00000 -00006 -00012 +00000 +00012 +00006 
+00000 +00006 +00000 -00006 -00018 +00000 +00000 -00006 
-00006 +00000 +00000 -00006 -00012 +00000 +00000 +00006 
-00006 +00000 +00000 -00012 -00006 +00000 -00006 +00000 
+00000 +00000 +00000 -00012 -00006 +00000 +00000 +00006 
+00000 +00006 +00006 -00012 -00012 +00006 +00000 +00000 
+00000 +00006 +00000 -00012 +00000 +00000 +00006 +00000 
+00006 +00000 +00000 -00006 +00000 +00000 +00000 +00000 
-00006 +00000 +00000 -00006 -00006 +00000 -00006 +00000 
+00006 +00000 +00000 -00006 -06018 +00000 +00000 +00000 
+00006 +00006 +00000 -00012 -10706 +00006 +00006 +00000 
+00000 +00000 -00012 -00006 -11932 +00000 +00006 +00000 
-00006 +00006 +00000 -00006 -12055 -00006 -00006 +00000 
+00000 +00000 +00000 -00012 -12043 -00006 +00006 +00006 
+00000 -00006 +00000 -00006 -12030 +00000 +00000 +00000 
+00006 +00000 +00000 -00012 -12049 -00006 +00000 +00000 
+00000 +00000 +00000 -00006 -12049 +00000 -00006 +00000 
+00006 +00000 +00000 -00006 -12080 +00000 +00006 +00000 
+00012 +00006 +00000 -00012 -12086 +00000 -00006 +00000 
+00006 +00006 +00006 -00012 -12080 +00006 +00000 +00000 
+00006 +00006 +00006 -00006 -12086 +00006 +00006 +00000 
+00000 +00006 -00006 -00018 -12067 +00006 +00006 +00000 
+00006 +00006 -00006 -00006 -11963 -00006 +00000 +00000 
+00006 +00006 +00000 -00006 -12067 -00006 +00006 +00006 
+00000 +00000 +00000 -00006 -12104 +00006 -00006 +00000 
+00000 +00006 +00000 -00006 -12055 +00000 -00006 +00006 
+00006 +00000 +00000 -00012 -12135 +00006 +00000 +00000 
+00000 +00000 +00000 -00006 -12104 +00000 +00000 +00000 
+00000 +00000 -00006 -00012 -12030 -04386 +00000 +00000 
+00006 +00000 +00000 -00006 -12030 -07170 +00000 -00006 
+00006 +00000 +00000 -00012 -12098 -04780 +00000 -00006 
+00006 +00006 +00000 -00012 -12073 -06745 +00000 +00006 
+00006 +00000 +00000 -00012 -12178 -07725 -00006 -00006 
+00000 +00006 +00006 -00006 -11975 -02988 +00000 +00000 
+00000 +00000 +00000 -00006 -11895 -06757 +00006 +00000 
+00000 +00000 +00000 -00012 -12197 -07725 +00000 -00006 
-00006 +00006 -00006 -00006 -12030 -03043 +00006 +00000 
+00006 +00006 -00006 -00006 -11944 -06936 -00006 -00006 
+00037 +00012 +00006 -00012 -12190 -07848 +00006 +00000 
+00111 +00000 +00012 -00006 -12209 -02593 +00006 +00006 
+00166 +00000 +00006 -00006 -12000 -06536 +00006 +00000 
+00394 +00000 +00018 -00006 -12203 -07780 +00000 +00000 
+00524 +00000 +00049 +00000 -12055 -03419 +00006 +00000 
+00407 +00000 +00049 -00006 -12018 -06548 +00006 +00000 
+00142 +00006 +00031 -00006 -12043 -07737 +00000 +00006 
+00031 +00000 +00000 -00006 -12080 -03037 +00006 +00006 
+00006 +00006 +00000 +00000 -11993 -06425 -00006 +00006 
+00006 +00006 +00000 -00006 -12190 -07700 +00006 +00000 
-00006 +00006 +00000 -00006 -12104 -02994 +00000 +00006 
+00006 +00006 +00000 -00012 -11993 -07361 +00000 +00000 
+00000 +00000 -00006 -00006 -11993 -04866 +00000 +00000 
+00000 +00000 +00000 -00012 -11932 -04774 -00006 -00006 
+00000 +00006 +00000 -00012 -11870 -07478 +00000 +00000 
+00000 -00006 +00000 -00006 -11889 -04256 +00000 +00006 
-00006 +00000 -00025 -00012 -11821 -04478 +00000 +00000 
+00000 -00012 -00018 +00000 -11611 -07392 +00000 -00006 
+00006 -00006 +00000 -00018 -11507 -04879 +00000 +00000 
+00006 -00006 -00012 -00012 -11260 -00474 -00006 -00006 
+00000 +00000 -00012 -00006 -09591 -00068 -00006 +00000 
+00000 +00000 -00006 -00012 -02027 -00018 +00000 +00000 
+00006 +00006 -00031 -00006 -00222 -00012 +00000 +00000 
+00000 -00006 -00074 -00025 -00012 -00012 +00006 +00000 
+00000 -00025 -00191 -00068 +00018 -00006 -00006 -00006 
-00006 +00000 -00055 -00068 +00012 -00006 +00000 -00006 
+00006 -00006 +00000 -00136 +00006 -00006 -00006 -00006 
+00006 +00000 +00006 -00049 +00006 -00006 +00006 +00000 
+00000 +00000 +00000 -00006 +00012 -00006 +00000 +00006 
+00006 +00006 +00000 -00006 +00006 -00006 +00006 +00000 
+00012 +00000 +00000 -00012 +00006 +00000 -00006 -00006 
+00000 +00006 +00000 -00006 +00006 +00000 +00000 +00000 
+00006 +00000 +00000 -00006 +00006 +00000 +00000 +00006 
+00000 +00000 +00000 -00006 +00000 -00006 +00006 +00006 
+00006 +00000 +00000 -00012 +00006 -00006 +00006 +00000 
+00006 +00000 -00006 +00000 +00006 +00000 +00000 +00000 
+00006 +00000 +00000 -00006 +00006 -00006 +00006 +00006 
+00000 +00006 +00000 -00012 +00006 -00006 +00000 -00006 
+00006 +00000 -00006 -00018 +00006 +00006 +00000 +00000 
+00006 +00006 +00000 -00006 +00012 +00000 +00006 +00000 
+00000 +00006 +00000 -00012 +00000 +00000 +00000 +00000 
+00006 +00006 +00000 -00006 +00012 -00006 -00006 -00006 
+00006 +00000 +00006 -00006 +00006 +00000 +00006 -00006 
+00006 +00000 -00006 -00012 +00006 +00006 +00000 -00006 
+00000 +00000 +00000 -00006 +00006 +00000 +00000 +00000 
+00006 +00006 -00006 +00000 +00000 +00000 +00000 +00000 
-00006 +00000 +00000 -00006 +00006 -00006 +00000 -00006 
-00006 +00000 +00000 -00012 +00006 -00006 +00006 +00000 
+00000 +00006 -00006 -00006 +00006 +00006 +00000 +00000 
+00000 +00000 +00000 -00006 +00000 +00000 +00000 +00000 
+00006 +00000 -00006 -00006 +00000 +00006 +00000 +00000 
+00006 +00000 -00006 -00006 +00006 +00000 -00012 +00000 
-00006 +00006 +00000 -00012 +00012 +00000 +00006 +00000 
+00006 +00000 +00000 -00006 +00000 +00006 +00000 -00006 
+00006 -00006 -00006 -00006 +00000 -00006 +00006 +00000 
+00006 +00006 -00006 -00012 +00006 -00006 +00000 +00000 
