-00049 -00031 +00000 -00012 +00006 +00006 +00000 +00000
+00000 -00006 -00006 -00012 +00000 +04891 +00000 +00000
+00000 -00012 -00006 -00012 -00006 +10312 +00000 +00006
+00000 +00006 +00000 -00006 +00000 +11673 +00000 +00006
+00000 +00000 +00000 -00012 +00000 +11864 +00000 +00000
+00000 +00006 +00006 -00012 +00000 +11864 +00000 +00000
-00012 +00006 +00000 -00006 +00000 +11858 +00000 +00000
-00012 +00000 +00006 -00018 +00006 +11858 +00000 +00000
-00006 +00012 +00000 -00012 +00006 +11864 +00000 +00006
+00000 +00000 -00006 -00006 -00006 +11846 +00000 +00000
+00006 +00000 +00000 +00000 -00006 +11864 -00006 +00006
+00000 +00006 +00000 +00000 +00000 +11846 +00000 +00000
+00000 +00000 -00006 -00012 +00000 +11765 +00000 +00000
-00055 -00012 +00006 -00006 -00006 +11846 +00006 -00006
-00166 -00086 -00006 -00012 +00000 +11827 +00000 -00006
-00271 -00290 -00012 -00012 +00000 +11882 +00006 +00000
-00437 -00456 -00012 -00006 +00006 +11882 +00000 +00006
-00326 -00474 +00000 -00012 -00006 +11907 +00000 +00000
-00142 -00400 +00000 -00025 -00006 +11950 -00006 +00006
-00185 -00209 +00000 -00012 -00006 +11901 -00006 -00006
-00197 -00148 -00006 -00012 +00000 +11944 +00000 -00006
-00154 -00055 +00000 -00012 -00006 +11950 -00006 +00000
-00006 +00000 +00000 -00012 +00000 +11772 +00000 +00000
+00000 +00000 +00000 -00012 +00000 +11846 +00006 -00006
+00000 +00000 +00000 -00006 +00000 +11833 -00006 +00006
+00000 +00006 -00006 -00018 +00006 +11833 +00000 +00006
+00006 +00006 +00000 -00012 -00006 +11821 +00000 +00000
+00000 +00006 +00006 -00006 -00006 +11765 -00006 +00000
+00000 +00000 -00006 -00012 +00000 +11895 +00000 +00000
+00000 +00000 +00000 -00012 +00006 +11913 +00000 +00006
+00000 +00000 +00000 -00012 -00006 +11889 +00006 -00006
+00006 +00000 +00000 -00012 +00000 +11870 +00000 +00000
+00000 +00000 +00006 -00006 -00006 +11870 +00006 +00000
+00006 +00000 -00006 -00006 +00000 +11852 +00000 +00000
+00000 +00000 +00000 -00012 -00006 +11895 +00000 +00000
+00000 +00000 +00000 -00018 -00006 +11882 +00000 -00006
+00006 +00006 -00006 -00006 +00000 +11895 +00006 +00000
+00000 +00000 +00000 -00012 +00000 +11895 -00006 +00006
+00006 +00000 -00006 -00018 +00000 +11901 -00006 +00006
+00000 +00006 +00000 -00012 -00006 +11913 +00000 +00000
+00000 +00000 +00000 -00006 +00000 +11802 -00006 +00000
+00000 +00006 +00000 -00012 -00006 +11907 -00006 +00000
+00000 -00006 +00000 -00012 -00006 +11950 -00006 +00000
+00000 +00000 +00000 -00012 +00006 +11852 -00006 +00000
+00000 +00000 +00000 -00012 +00000 +11956 +00006 +00000
+00006 +00000 +00006 -00012 +00000 +11969 -00006 +00000
+00000 +00000 +00000 -00006 +00006 +11870 +00000 +00000
+00006 +00000 +00006 -00012 +00000 +11975 +00000 -00006
+00006 +00000 -00006 -00012 +00006 +11938 -00006 +00000
+00000 +00000 +00000 -00006 +00000 +10761 -00006 +00000
+00006 +00006 -00006 -00012 +00006 +11605 -00006 +00006
+00006 +00006 +00000 -00006 +00000 +11673 -00006 +00006
+00000 +00000 +00000 -00012 -00006 +10121 -00006 +00000
+00000 +00000 +00000 -00012 +00000 +09517 +00000 +00000
-00006 +00000 +00000 -00012 +00006 +11303 -00006 +00000
+00000 +00000 +00000 -00012 +00000 +10496 +00000 +00006
+00000 +00000 +00000 -00012 +00000 +10527 -00006 -00006
-00086 +00000 +00000 -00006 -00006 +10262 +00000 +00000
-00123 -00043 -00006 +00000 +00000 +10250 +00000 +00000
-00092 -00037 -00006 -00012 +00000 +10139 +00006 +00000
-00006 -00043 +00000 -00012 +00000 +09930 +00006 +00000
+00000 -00025 +00000 -00012 +00000 +09702 -00006 +00000
+00000 +00000 +00000 -00018 +00000 +09357 +00006 +00000
+00000 +00000 +00006 -00012 +00000 +08975 +00000 +00000
+00006 +00000 -00049 -00012 +00000 +08667 -00006 +00000
+00000 +00000 -00271 -00012 +00000 +08359 +00006 +00000
+00000 +00000 -00739 -00055 -00006 +08045 +00000 +00000
+00000 +00006 -00745 -00154 +00000 +07848 +00006 +00000
-00006 +00012 -00739 -00456 +00006 +07577 +00000 +00006
+00000 +00000 -00561 -00561 +00000 +07324 +00000 +00000
+00006 +00000 -00388 -00579 +00006 +07133 +00006 +00006
+00012 +00000 -00136 -00450 +00000 +06961 +00006 -00006
+00000 +00000 -00012 -00240 +00000 +06807 -00006 +00000
+00006 +00000 +00000 -00099 +00006 +06677 +00000 +00006
+00000 +00006 +00000 +00062 +00000 +06579 -00006 +00000
+00006 +00000 +00000 -00012 +00006 +06431 +00006 +00000
+00006 +00000 +00000 -00006 +00006 +06400 +00006 +00000
+00000 +00012 +00000 -00012 +00000 +06314 +00000 +00000
+00006 +00000 +00006 -00012 +00006 +06295 +00006 +00000
+00000 +00000 +00000 -00012 +00000 +06172 +00000 +00000
+00006 +00000 +00000 -00012 +00006 +06154 +00006 +00006
+00000 +00006 +00000 -00006 +00000 +06135 +00006 +00000
-00006 +00000 +00000 -00006 +00000 +06055 +00006 +00000
+00000 +00000 +00000 -00012 +00000 +06031 +00000 +00000
-00006 +00000 +00000 -00012 +00000 +06031 +00006 +00000
+00000 +00000 +00000 -00012 +00000 +06037 +00000 +00000
+00000 +00000 -00006 -00012 +00000 +06024 +00000 +00000
+00000 +00006 +00000 -00012 +00000 +05932 -00006 +00000
+00006 +00006 -00006 -00006 -00006 +05920 -00006 +00000
+00000 +00012 -00006 -00012 -00006 +05907 +00000 +00000
+00000 +00000 +00000 -00012 -00006 +05920 +00000 +00000
+00000 +00006 +00000 -00006 +00000 +05901 -00006 +00000
-00006 +00006 +00000 -00012 +00006 +05901 +00000 +00000
+00000 +00000 -00006 -00006 +00000 +05901 -00006 +00006
+00000 +00006 +00006 -00012 -00006 +05907 -00006 +00006
+00000 +00006 +00000 -00006 +00000 +05901 +00000 +00006
+00006 -00006 +00000 -00012 +00000 +05907 -00006 +00006
+00000 +00000 +00000 -00012 +00000 +05901 +00000 +00000
+00000 +00000 +00000 -00012 +00000 +05907 -00006 +00000
+00000 +00006 +00000 -00006 -00006 +05914 -00006 +00000
+00006 +00000 +00000 -00012 +00000 +05914 -00006 +00000
+00006 +00000 +00000 -00006 +00000 +05920 +00000 +00000
+00000 +00000 +00000 -00012 +00000 +05907 -00006 +00000
+00000 +00000 +00000 -00006 -00006 +05907 -00012 +00000
+00000 +00000 +00000 -00012 -00006 +05914 -00006 -00006
+00000 +00000 -00006 -00006 +00000 +05920 -00006 +00000
-00006 +00000 +00000 -00012 +00006 +05907 +00000 +00000
+00000 +00006 -00012 -00012 +00000 +05926 -00006 +00000
+00000 +00000 +00000 -00012 -00006 +05920 +00000 +00000
+00000 +00000 +00000 -00006 -00006 +05920 -00006 +00000
+00000 +00000 +00000 -00006 +00000 +05920 +00000 +00000
+00006 +00000 -00006 -00012 +00000 +05914 +00006 +00000
+00000 +00000 +00000 -00012 -00006 +05920 +00000 +00000
+00006 +00000 +00000 +00000 -00006 +05926 +00000 +00000
+00000 +00000 +00006 -00012 +00000 +05926 -00006 +00000
+00006 +00000 +00006 -00012 -00006 +05926 -00006 +00000
+00000 +00000 +00000 -00012 +00000 +05932 -00006 +00000
+00000 +00006 -00006 -00012 -00006 +05932 +00006 +00006
+00006 +00000 -00006 -00006 +00000 +05926 +00000 +00000
+00006 +00000 +00000 -00006 +00006 +05907 -00012 -00006
+00000 +00006 +00006 -00012 -00006 +05870 -00006 +00000
+00000 +00000 +00000 -00006 +00000 +05790 +00000 +00000
+00006 +00000 +00000 -00012 -00006 +05870 -00006 +00000
+00000 +00000 +00000 -00012 +00000 +05840 -00006 +00000
+00006 -00006 +00000 -00012 +00000 +05784 +00000 +00000
+00000 +00006 +00000 -00012 +00000 +05747 +00000 +00006
+00006 +00000 +00000 -00018 +00000 +05716 +00000 +00000
+00000 +00000 +00000 -00018 +00000 +05692 -00006 +00000
+00000 +00000 -00006 -00012 +00000 +05679 +00000 +00000
+00000 +00000 +00000 -00006 +00000 +05661 +00000 -00006
+00000 +00006 +00000 -00012 -00006 +05729 +00000 +00000
+00006 +00000 +00000 -00012 +00000 +05735 -00006 -00006
+00012 +00000 +00000 -00006 +00000 +05723 +00000 +00000
+00000 +00000 +00000 -00012 +00000 +05716 +00006 +00000
+00000 +00000 +00000 -00012 +00000 +05673 +00000 +00000
+00000 +00000 +00000 -00006 +00000 +05679 +00000 +00000
+00000 +00006 +00000 -00012 +00006 +05673 -00006 +00006
+00000 +00000 +00000 -00012 +00000 +05679 +00006 +00000
+00006 +00000 +00006 +00000 +00000 +05667 +00000 +00000
+00000 +00006 +00000 -00012 +00000 +05273 +00006 -00006
+00000 +00000 +00000 -00006 +00000 +05217 +00000 +00006
+00006 +00000 +00000 -00012 +00000 +05341 +00000 +00000
+00000 +00000 +00000 -00018 +00000 +05341 +00006 +00006
+00006 +00000 +00000 -00012 +00000 +05285 +00006 +00000
+00000 +00000 -00006 +00000 +00000 +05273 +00000 -00006
+00000 +00000 -00006 +00000 -00006 +05341 +00012 +00006
+00000 +00000 +00000 -00012 +00000 +05341 -00006 +00000
+00000 +00006 +00000 -00012 +00006 +01238 +00000 +00000
+00000 +00000 +00000 -00006 +00000 +00148 +00000 +00006
+00000 +00006 +00000 -00006 +00000 +00025 +00000 +00000
+00006 -00006 +00000 -00012 +00000 +00006 -00006 -00006
+00000 +00000 +00000 -00006 +00000 -00006 +00006 +00006
+00000 +00006 +00000 -00006 -00006 +00000 -00006 +00000
+00000 +00000 +00000 -00006 -00006 +00000 -00006 -00006
+00006 +00006 +00000 -00012 +00006 +00000 +00000 +00000
+00006 +00000 +00000 -00012 +00000 +00000 +00000 +00000
+00006 +00006 +00000 -00012 +00000 -00012 +00000 +00000
+00000 +00000 -00012 -00006 +00000 +00000 +00000 +00000